-0.15064655,-0.08249587
